%YAML:1.0
---
type: IMU
name: "16448"
Gyr:
   unit: " rad/s"
   avg-axis:
      gyr_n: 1.8582082627718251e-04
      gyr_w: 7.2451532648461174e-05
   x-axis:
      gyr_n: 1.9497697212844325e-04
      gyr_w: 7.7480963067055273e-05
   y-axis:
      gyr_n: 1.8208890417142641e-04
      gyr_w: 6.5696944982419141e-05
   z-axis:
      gyr_n: 1.8039660253167786e-04
      gyr_w: 7.4176689895909121e-05
Acc:
   unit: " m/s^2"
   avg-axis:
      acc_n: 1.9862287242243099e-03
      acc_w: 1.2148497781522122e-03
   x-axis:
      acc_n: 1.8873639193772013e-03
      acc_w: 9.2773313316259773e-04
   y-axis:
      acc_n: 2.3132372298208183e-03
      acc_w: 1.8685315978790539e-03
   z-axis:
      acc_n: 1.7580850234749105e-03
      acc_w: 8.4828460341498479e-04
