%YAML:1.0
---
type: IMU
name: A3
Gyr:
   unit: " rad/s"
   avg-axis:
      gyr_n: 1.0351286977809465e-04
      gyr_w: 2.9438676109223402e-05
   x-axis:
      gyr_n: 1.0312669892959053e-04
      gyr_w: 3.3765827874234673e-05
   y-axis:
      gyr_n: 1.0787155789128671e-04
      gyr_w: 3.1970693666470835e-05
   z-axis:
      gyr_n: 9.9540352513406743e-05
      gyr_w: 2.2579506786964707e-05
Acc:
   unit: " m/s^2"
   avg-axis:
      acc_n: 1.3985049290745563e-03
      acc_w: 6.3249251509920116e-04
   x-axis:
      acc_n: 1.1687799474421937e-03
      acc_w: 5.3044554054317266e-04
   y-axis:
      acc_n: 1.2050535351630543e-03
      acc_w: 6.0281218607825414e-04
   z-axis:
      acc_n: 1.8216813046184213e-03
      acc_w: 7.6421981867617645e-04
