%YAML:1.0
---
type: IMU
name: A3
Gyr:
   unit: " rad/s"
   avg-axis:
      gyr_n: 1.0922514245261136e-04
      gyr_w: 3.0407639130588035e-05
   x-axis:
      gyr_n: 1.1712350336249066e-04
      gyr_w: 3.6395480767077183e-05
   y-axis:
      gyr_n: 1.0957986890514727e-04
      gyr_w: 3.1881226725483150e-05
   z-axis:
      gyr_n: 1.0097205509019619e-04
      gyr_w: 2.2946209899203768e-05
Acc:
   unit: " m/s^2"
   avg-axis:
      acc_n: 1.4268671413807624e-03
      acc_w: 6.3698303145662391e-04
   x-axis:
      acc_n: 1.2219441138445304e-03
      acc_w: 5.3750668357445538e-04
   y-axis:
      acc_n: 1.2229466839249080e-03
      acc_w: 6.0460048331990467e-04
   z-axis:
      acc_n: 1.8357106263728492e-03
      acc_w: 7.6884192747551168e-04
