%YAML:1.0
---
type: IMU
name: A3
Gyr:
   unit: " rad/s"
   avg-axis:
      gyr_n: 1.1739022245563333e-04
      gyr_w: 3.0026751219030043e-05
   x-axis:
      gyr_n: 1.2294889287957009e-04
      gyr_w: 3.3931521044238596e-05
   y-axis:
      gyr_n: 1.1951167033668364e-04
      gyr_w: 3.2592704486471901e-05
   z-axis:
      gyr_n: 1.0971010415064624e-04
      gyr_w: 2.3556028126379626e-05
Acc:
   unit: " m/s^2"
   avg-axis:
      acc_n: 1.5475985739378990e-03
      acc_w: 6.7300372949299708e-04
   x-axis:
      acc_n: 1.3418514540851809e-03
      acc_w: 5.5664738722582580e-04
   y-axis:
      acc_n: 1.2464236803723786e-03
      acc_w: 6.3935765438612559e-04
   z-axis:
      acc_n: 2.0545205873561375e-03
      acc_w: 8.2300614686703984e-04
