%YAML:1.0
---
type: IMU
name: gx4
Gyr:
   unit: " rad/s"
   avg-axis:
      gyr_n: 6.5815583297789605e-05
      gyr_w: 4.5023579240746458e-05
   x-axis:
      gyr_n: 6.5123262354603977e-05
      gyr_w: 4.3243173464588734e-05
   y-axis:
      gyr_n: 6.8145374749185235e-05
      gyr_w: 4.8543575743410994e-05
   z-axis:
      gyr_n: 6.4178112789579618e-05
      gyr_w: 4.3283988514239640e-05
Acc:
   unit: " m/s^2"
   avg-axis:
      acc_n: 9.0799544296830015e-04
      acc_w: 4.4091057032126735e-04
   x-axis:
      acc_n: 9.4100411610227542e-04
      acc_w: 4.1585942408095241e-04
   y-axis:
      acc_n: 8.9052781461271594e-04
      acc_w: 4.7210861511524135e-04
   z-axis:
      acc_n: 8.9245439818990931e-04
      acc_w: 4.3476367176760840e-04
