%YAML:1.0
---
type: IMU
name: N3
Gyr:
   unit: " rad/s"
   avg-axis:
      gyr_n: 1.0728878615222317e-04
      gyr_w: 4.2550607847761556e-05
   x-axis:
      gyr_n: 1.0527575833172373e-04
      gyr_w: 3.9384242019484837e-05
   y-axis:
      gyr_n: 1.1111531556488697e-04
      gyr_w: 4.6830371915420001e-05
   z-axis:
      gyr_n: 1.0547528456005885e-04
      gyr_w: 4.1437209608379824e-05
Acc:
   unit: " m/s^2"
   avg-axis:
      acc_n: 1.5477787819314819e-03
      acc_w: 6.5703931689992470e-04
   x-axis:
      acc_n: 1.1978309675605518e-03
      acc_w: 6.0502261252329530e-04
   y-axis:
      acc_n: 1.2709111231909587e-03
      acc_w: 5.2388572978467960e-04
   z-axis:
      acc_n: 2.1745942550429349e-03
      acc_w: 8.4220960839179919e-04
