%YAML:1.0
---
type: IMU
name: xsens
Gyr:
   unit: " rad/s"
   avg-axis:
      gyr_n: 1.5641921981365443e-04
      gyr_w: 5.8371294942786571e-05
   x-axis:
      gyr_n: 1.5929650434021210e-04
      gyr_w: 6.1344105209174259e-05
   y-axis:
      gyr_n: 1.5297132101736133e-04
      gyr_w: 6.7378670380355060e-05
   z-axis:
      gyr_n: 1.5698983408338980e-04
      gyr_w: 4.6391109238830401e-05
Acc:
   unit: " m/s^2"
   avg-axis:
      acc_n: 7.8531619738053877e-04
      acc_w: 3.2064659601889169e-04
   x-axis:
      acc_n: 8.1936568393485391e-04
      acc_w: 4.8066600394948737e-04
   y-axis:
      acc_n: 7.7685118479656147e-04
      acc_w: 1.8591481791391698e-04
   z-axis:
      acc_n: 7.5973172341020059e-04
      acc_w: 2.9535896619327070e-04
